Field=#~Integer~#~50|Field=Designator~String~Designator~100|Field=MountType~String~MountType~100|Field=PackageReference~String~PackageReference~100|Field=Center-X(Mil)~String~Center-X(Mil)~100|Field=Center-X(mm)~String~Center-X(mm)~100|Field=Center-Y(Mil)~String~Center-Y(Mil)~100|Field=Center-Y(mm)~String~Center-Y(mm)~100|Field=Layer~String~Layer~100|Field=Pad-X(Mil)~String~Pad-X(Mil)~100|Field=Pad-X(mm)~String~Pad-X(mm)~100|Field=Pad-Y(Mil)~String~Pad-Y(Mil)~100|Field=Pad-Y(mm)~String~Pad-Y(mm)~100|Field=Ref-X(Mil)~String~Ref-X(Mil)~100|Field=Ref-X(mm)~String~Ref-X(mm)~100|Field=Ref-Y(Mil)~String~Ref-Y(Mil)~100|Field=Ref-Y(mm)~String~Ref-Y(mm)~100|Field=Rotation~String~Rotation~100|ReportField=Currency~<none>|ReportField=ProductionQuantity~1|ReportField=ProjectFileName~PROC106B.PrjPcb|ReportField=ProjectFullPath~C:\Users\a0227290\Documents\mmWave\EVMS\AWR1843AoP\RevB\06_23_21_PROC106B\PROC106B\PROC106B_Database\PROC106B.PrjPcb|ReportField=Title~Pick and Place For Project [PROC106B.PrjPcb] (PCB Document : PROC106B.PcbDoc)|ReportField=ReportTime~4:11:05 PM|ReportField=ReportDate~9/13/2021|ReportField=ReportDateTime~9/13/2021 4:11:05 PM|ReportField=OutputName~Pick and Place|ReportField=OutputType~BOM_PartType|ReportField=GeneratorName~BOM|ReportField=GeneratorDescription~Bill of Materials|ReportField=VariantName~None|ReportField=TotalQuantity~397|ReportField=TotalActualPrice~0|ReportField=TotalTargetPrice~0|ReportField=VersionControl_RevNumber~|ReportField=VersionControl_ProjFolderRevNumber~|ReportField=CopyrightYear~2019|ReportField=PCB_Layout~Mistral Team|ReportField=PCB_Rev~B|ReportField=PRJ_Customer~Public Release|ReportField=PRJ_Engineer~Antony/Anand Ram|ReportField=PRJ_Number~PROC106|ReportField=PRJ_Title~xWR1843AOPEVM|ReportField=SCH_Rev~B|ReportField=TechSupport~http://www.ti.com/support|ReportField=TID~N/A|ReportField=Address1~Not shown in title block|ReportField=Address2~Not shown in title block|ReportField=Address3~Not shown in title block|ReportField=Address4~Not shown in title block|ReportField=Application_BuildNumber~|ReportField=ApprovedBy~Not shown in title block|ReportField=Author~Not shown in title block|ReportField=CheckedBy~Not shown in title block|ReportField=CompanyName~Not shown in title block|ReportField=ConfigurationParameters~|ReportField=ConfiguratorName~|ReportField=CurrentDate~9/13/2021|ReportField=CurrentTime~3:59:48 PM|ReportField=Date~Not shown in title block|ReportField=DocumentFullPathAndName~C:\Users\a0227290\Documents\mmWave\EVMS\AWR1843AoP\RevB\06_23_21_PROC106B\PROC106B\PROC106B_Database\PROC106B_ANALOG_MUX.SchDoc|ReportField=DocumentName~PROC106B_ANALOG_MUX.SchDoc|ReportField=DocumentNumber~10|ReportField=DrawnBy~Antony/Anand Ram|ReportField=Engineer~Not shown in title block|ReportField=ImagePath~Not shown in title block|ReportField=IsUserConfigurable~|ReportField=ModifiedDate~6/9/2021|ReportField=Organization~Not shown in title block|ReportField=PageSetup~Record=PageOptions:CenterHorizontal=True:CenterVertical=True:PrintScale=1.00:XCorrection=1.00:YCorrection=1.00:PrintKind=0:BorderSize=5000000:LeftOffset=0:BottomOffset=0:Orientation=2:PaperLength=1000:PaperWidth=1000:Scale=100:PaperSource=15:PrintQuality=600:MediaType=1:DitherType=10:PaperKind=Letter:PrintScaleMode=1|ReportField=ProjectName~PROC106B.PrjPcb|ReportField=Revision~Use project parameter SCH_Rev|ReportField=Rule~|ReportField=SheetNumber~10|ReportField=SheetTotal~12|ReportField=Time~Not shown in title block|ReportField=Title~BREAKAWAY_SECTION4|ReportField=VersionControl_ProjFolderRevNumber~|ReportField=VersionControl_RevNumber~|ReportField=DataSourceFileName~PROC106B.PrjPcb|ReportField=DataSourceFullPath~C:\Users\a0227290\Documents\mmWave\EVMS\AWR1843AoP\RevB\06_23_21_PROC106B\PROC106B\PROC106B_Database\PROC106B.PrjPcb|ReportField=PCBDataSourceFileName~PROC106B.PcbDoc|ReportField=PCBDataSourceFullPath~C:\Users\a0227290\Documents\mmWave\EVMS\AWR1843AoP\RevB\06_23_21_PROC106B\PROC106B\PROC106B_Database\PROC106B.PcbDoc|ReportField=PCBConfigurationName~Sources|ReportField=Item~|ReportField=ItemRevision~|ReportField=ItemAndRevision~|ReportField=ItemRevisionBase~|ReportField=ItemRevisionLevel1~|ReportField=ItemRevisionLevel2~|ReportField=ItemRevisionLevel1AndBase~|ReportField=ItemRevisionLevel2AndLevel1~
1|!PCB|N/A||0|0|0|0|None|0|0|0|0|0|0|0|0|0
2|A1||SMT_ANT|7284.327|185.0219|4589.833|116.58176|Top|7308.933|185.6469|4589.833|116.58176|7284.327|185.0219|4589.833|116.58176|180
3|C1|SMT|0805|3004.012|76.3019|3914.319|99.42371|Top|3004.012|76.3019|3943.847|100.17371|3004.012|76.3019|3914.319|99.42371|270
4|C2|SMT|0402|3005.886|76.3495|4400.657|111.77668|Bottom|3025.571|76.84951|4400.657|111.77668|3005.886|76.34951|4400.657|111.77668|180
5|C3|SMT|0402|3005.886|76.3495|4400.657|111.77668|Top|3025.571|76.84951|4400.657|111.77668|3005.886|76.34951|4400.657|111.77668|180
6|C4|SMT|0805|3004.012|76.3019|3914.264|99.4223|Bottom|3004.012|76.3019|3884.736|98.6723|3004.012|76.3019|3914.264|99.4223|90
7|C5||0201|6882.811|174.8234|3977|101.0158|Bottom|6892.681|175.07408|3977|101.0158|6882.811|174.82341|3977|101.0158|180
8|C6||0201 (0603 Metric)|5234.375|132.95313|4538.699|115.28294|Bottom|5234.375|132.95313|4528.686|115.02863|5234.375|132.95313|4538.699|115.28294|90
9|C7|SMT|0402|6844.781|173.85743|3720.792|94.50811|Bottom|6824.781|173.34943|3720.792|94.50811|6844.781|173.85743|3720.792|94.50811|0
10|C8||0201|6903.195|175.34114|3719.006|94.46276|Bottom|6913.207|175.59545|3719.006|94.46276|6903.195|175.34114|3719.006|94.46276|180
11|C9||0201 (0603 Metric)|5197.097|132.00626|3791.556|96.30553|Bottom|5197.097|132.00626|3781.544|96.05122|5197.097|132.00626|3791.556|96.30553|90
12|C10||0201 (0603 Metric)|5162.686|131.13222|3875.171|98.42933|Bottom|5162.686|131.13222|3865.158|98.17502|5162.686|131.13222|3875.171|98.42933|90
13|C11||0201|5172.097|131.37127|3791.413|96.30189|Bottom|5172.097|131.37127|3801.282|96.55257|5172.097|131.37127|3791.413|96.3019|270
14|C12||0201 (0603 Metric)|5580.925|141.75549|3737.111|94.92263|Bottom|5570.913|141.50118|3737.111|94.92263|5580.925|141.75549|3737.111|94.92263|0
15|C13||0201 (0603 Metric)|5242.934|133.17053|4010.482|101.86624|Bottom|5232.922|132.91622|4010.482|101.86624|5242.934|133.17053|4010.482|101.86624|0
16|C14||0201|4153.981|105.51111|3817.268|96.95862|Top|4166.481|105.82861|3817.268|96.95862|4153.981|105.51111|3817.268|96.95862|180
17|C15||0201|4750.213|120.65542|4143.823|105.25311|Top|4750.213|120.65542|4153.693|105.50379|4750.213|120.65542|4143.823|105.25311|270
18|C16||0201|4713.472|119.72218|4143.916|105.25546|Top|4713.472|119.72218|4153.785|105.50614|4713.472|119.72218|4143.916|105.25546|270
19|C17||0201 (0603 metric)|6613.33|167.97858|4250.883|107.97243|Top|6603.318|167.72427|4250.883|107.97243|6613.33|167.97858|4250.883|107.97243|0
20|C18||0201 (0603 metric)|6634.871|168.52573|4127.038|104.82676|Top|6644.883|168.78004|4127.038|104.82676|6634.871|168.52573|4127.038|104.82676|180
21|C19||0201|6277.601|159.45106|4370.868|111.02006|Top|6277.601|159.45106|4380.711|111.27006|6277.601|159.45106|4370.868|111.02006|270
22|C20||0201|6277.601|159.45106|4324.983|109.85458|Top|6277.601|159.45106|4315.141|109.60458|6277.601|159.45106|4324.983|109.85458|90
23|C21|SMT|0402|6540.73|166.13454|4344.095|110.34001|Top|6540.73|166.13454|4363.78|110.84001|6540.73|166.13454|4344.095|110.34001|270
24|C22|SMT|0402|6468.513|164.30023|4395.471|111.64497|Top|6468.513|164.30023|4415.156|112.14497|6468.513|164.30023|4395.471|111.64497|270
25|C23|SMT|0402|6395.403|162.44324|4324.416|109.84016|Top|6415.088|162.94325|4324.416|109.84016|6395.403|162.44325|4324.416|109.84016|180
26|C24||0201|6142.325|156.01507|4003.463|101.68796|Top|6152.195|156.26575|4003.463|101.68796|6142.325|156.01507|4003.463|101.68796|180
27|C25||0201 (0603 Metric)|6157.335|156.39631|4271.392|108.49335|Top|6167.347|156.65062|4271.392|108.49335|6157.335|156.39631|4271.392|108.49335|180
28|C26||0201 (0603 Metric)|6142.182|156.01143|4042.21|102.67213|Top|6152.195|156.26574|4042.21|102.67213|6142.182|156.01143|4042.21|102.67213|180
29|C27||0201 (0603 Metric)|6518.42|165.56786|4103.162|104.22032|Top|6518.42|165.56786|4113.174|104.47463|6518.42|165.56786|4103.162|104.22032|270
30|C28||0402|6458.049|164.03444|3903.238|99.14224|Top|6438.049|163.52644|3903.238|99.14224|6458.049|164.03444|3903.238|99.14224|0
31|C29||0402|6471.973|164.38811|4137.366|105.08911|Bottom|6491.973|164.89611|4137.366|105.08911|6471.973|164.38811|4137.366|105.08911|180
32|C30|SMT|0402|3295.869|83.71508|4189.004|106.40071|Top|3295.869|83.71508|4169.319|105.90071|3295.869|83.71508|4189.004|106.40071|90
33|C31|SMT|0402|3667.501|93.15453|4538.336|115.27373|Top|3687.186|93.65453|4538.336|115.27373|3667.501|93.15453|4538.336|115.27373|180
34|C32|SMT|0402|3200.345|81.28876|4518.49|114.76966|Top|3180.66|80.78876|4518.49|114.76966|3200.345|81.28876|4518.49|114.76966|0
35|C33|SMT|0402|3615.389|91.83088|4098.425|104.09998|Top|3615.389|91.83088|4118.11|104.59999|3615.389|91.83088|4098.425|104.09999|270
36|C34|SMT|0402|3231.352|82.07634|3936.68|99.99167|Top|3231.352|82.07634|3956.365|100.49168|3231.352|82.07634|3936.68|99.99168|270
37|C35||0201 (0603 Metric)|6534.656|165.98026|4138.224|105.1109|Top|6524.644|165.72595|4138.224|105.1109|6534.656|165.98026|4138.224|105.1109|0
38|C36||0201 (0603 Metric)|6516.27|165.51327|4239.227|107.67638|Top|6516.27|165.51327|4229.215|107.42207|6516.27|165.51327|4239.227|107.67638|90
39|C37||0201 (0603 Metric)|6287.194|159.69472|4411.08|112.04144|Top|6297.206|159.94903|4411.08|112.04144|6287.194|159.69472|4411.08|112.04144|180
40|C38||0201|5245.411|133.23344|3795.562|96.40728|Bottom|5255.253|133.48344|3795.562|96.40728|5245.411|133.23344|3795.562|96.40728|180
41|C39||0201|5291.165|134.39558|3795.563|96.40729|Bottom|5281.322|134.14558|3795.563|96.40729|5291.165|134.39558|3795.563|96.40729|0
42|C40||0201 (0603 Metric)|6581.1|167.15994|4040.287|102.62329|Top|6591.112|167.41425|4040.287|102.62329|6581.1|167.15994|4040.287|102.62329|180
43|C41|SMT|0402|6461.926|164.13293|4540.906|115.33901|Top|6442.241|163.63293|4540.906|115.33901|6461.926|164.13293|4540.906|115.33901|0
44|C42|SMT|0402|6821.811|173.27401|4040|102.616|Top|6821.811|173.27401|4020|102.108|6821.811|173.27401|4040|102.616|90
45|C43||0201 (0603 Metric)|5891.778|149.65116|4292.066|109.01847|Top|5881.766|149.39685|4292.066|109.01847|5891.778|149.65116|4292.066|109.01847|0
46|C44||0805|3516.1|89.30895|4538.329|115.27357|Top|3479.683|88.38395|4538.329|115.27357|3516.1|89.30895|4538.329|115.27357|0
47|C45||0805|3336.182|84.73904|4538.336|115.27373|Top|3372.6|85.66403|4538.336|115.27373|3336.182|84.73904|4538.336|115.27373|180
48|C46||0805|3514.812|89.27623|3840.946|97.56002|Top|3478.395|88.35124|3840.946|97.56002|3514.812|89.27623|3840.946|97.56002|0
49|C47||0805|3335.76|84.72831|3832.634|97.34891|Top|3372.177|85.65331|3832.634|97.34891|3335.76|84.72831|3832.634|97.34891|180
50|C48||0805|3335.76|84.72831|3750.602|95.26529|Top|3372.177|85.65331|3750.602|95.26529|3335.76|84.72831|3750.602|95.26529|180
51|C49||0805|3514.812|89.27623|3770.108|95.76073|Top|3478.395|88.35124|3770.108|95.76073|3514.812|89.27623|3770.108|95.76073|0
52|C50|SMT|0805|3355.89|85.2396|4015.143|101.98464|Top|3316.52|84.2396|4015.143|101.98464|3355.89|85.2396|4015.143|101.98464|0
53|C51|SMT|0805|3495.89|88.7956|4015.143|101.98464|Top|3535.26|89.7956|4015.143|101.98464|3495.89|88.7956|4015.143|101.98464|180
54|C52|SMT|0805|3357.858|85.28961|4352.347|110.54961|Top|3318.488|84.28961|4352.347|110.54961|3357.858|85.28961|4352.347|110.54961|0
55|C53|SMT|0805|3495.89|88.7956|4352.347|110.54961|Top|3535.26|89.7956|4352.347|110.54961|3495.89|88.7956|4352.347|110.54961|180
56|C54||0805|3514.812|89.27623|3699.039|93.95559|Top|3478.395|88.35124|3699.039|93.95559|3514.812|89.27623|3699.039|93.95559|0
57|C55|SMT|0805|3908.189|99.26801|4239.699|107.68835|Bottom|3878.662|98.51801|4239.699|107.68835|3908.189|99.26801|4239.699|107.68835|0
58|C56|SMT|0402|4323.95|109.82832|4419.068|112.24432|Bottom|4304.265|109.32832|4419.068|112.24432|4323.95|109.82832|4419.068|112.24432|0
59|C57|SMT|0402|3686.179|93.62894|4257.192|108.13268|Top|3705.864|94.12895|4257.192|108.13268|3686.179|93.62895|4257.192|108.13268|180
60|C58|SMT|0402|3686.179|93.62894|4218.193|107.14209|Top|3705.864|94.12895|4218.193|107.14209|3686.179|93.62895|4218.193|107.14209|180
61|C59|SMT|0805|3700.563|93.9943|4275.261|108.59164|Bottom|3700.563|93.9943|4245.734|107.84164|3700.563|93.9943|4275.261|108.59164|90
62|C60|SMT|0402|4309.747|109.46758|4188.457|106.3868|Bottom|4309.747|109.46758|4168.772|105.8868|4309.747|109.46758|4188.457|106.3868|90
63|C61|SMT|0402|4018.331|102.06561|4342.216|110.29229|Bottom|4018.331|102.06561|4361.901|110.79229|4018.331|102.06561|4342.216|110.29229|270
64|C62|SMT|0805|4040|102.616|3970.517|100.85114|Bottom|4040|102.616|3940.99|100.10115|4040|102.616|3970.518|100.85115|90
65|C63|SMT|0402|3935.07|99.95078|3856.83|97.96348|Bottom|3954.755|100.45078|3856.83|97.96348|3935.07|99.95078|3856.83|97.96348|180
66|C64|SMT|0402|3967.695|100.77945|3945.83|100.22409|Bottom|3987.38|101.27945|3945.83|100.22409|3967.695|100.77945|3945.83|100.22409|180
67|C65|SMT|0805|3674.972|93.3443|3943.668|100.16917|Bottom|3704.5|94.0943|3943.668|100.16917|3674.972|93.3443|3943.668|100.16917|180
68|C66|SMT|0402|3865.49|98.18345|3945.779|100.22278|Bottom|3865.49|98.18345|3926.094|99.72279|3865.49|98.18345|3945.779|100.22278|90
69|C67|SMT|0402|3790.944|96.28999|3955.682|100.47433|Bottom|3771.259|95.78999|3955.682|100.47433|3790.944|96.28999|3955.682|100.47433|0
70|C68|SMT|0402|3713.575|94.32479|3943.791|100.1723|Top|3713.575|94.32479|3924.106|99.6723|3713.575|94.32479|3943.791|100.1723|90
71|C69|SMT|0402|3822.753|97.09793|3862.606|98.11019|Bottom|3842.438|97.59793|3862.606|98.11019|3822.753|97.09793|3862.606|98.11019|180
72|C70|SMT|0805|3908.189|99.26801|4023.701|102.20201|Bottom|3878.662|98.51801|4023.701|102.20201|3908.189|99.26801|4023.701|102.20201|0
73|C71||0201|4106.981|104.31731|3817.448|96.96317|Top|4119.481|104.63481|3817.448|96.96317|4106.981|104.31731|3817.448|96.96317|180
74|C72||0201 (0603 Metric)|4844.998|123.06295|4415.284|112.14821|Top|4834.986|122.80864|4415.284|112.14821|4844.998|123.06295|4415.284|112.14821|0
75|C73||0805|3299.164|83.79878|3668.995|93.19248|Top|3335.582|84.72378|3668.995|93.19248|3299.164|83.79878|3668.995|93.19248|180
76|C74|SMT|0603|3687.183|93.65445|4009.152|101.83246|Top|3714.742|94.35445|4009.152|101.83246|3687.183|93.65445|4009.152|101.83246|180
77|C75||0805|3702.005|94.03093|3803.74|96.61501|Bottom|3665.588|93.10593|3803.74|96.61501|3702.005|94.03093|3803.74|96.61501|0
78|C76|SMT|0805|3427.479|87.05796|4623.452|117.43569|Bottom|3397.951|86.30796|4623.452|117.43569|3427.479|87.05796|4623.452|117.43569|0
79|C77||0805|3136|79.6544|4614|117.1956|Top|3099.583|78.7294|4614|117.1956|3136|79.6544|4614|117.1956|0
80|C78|SMT|0805|3908.19|99.26802|4167.699|105.85956|Bottom|3878.662|98.51802|4167.699|105.85956|3908.19|99.26802|4167.699|105.85956|0
81|C79|SMT|0603|3710.598|94.2492|4167.45|105.85322|Bottom|3710.598|94.2492|4139.891|105.15322|3710.598|94.2492|4167.45|105.85322|90
82|C80|SMT|0402|3686.199|93.62945|4141.127|105.18464|Top|3705.884|94.12945|4141.127|105.18464|3686.199|93.62945|4141.127|105.18464|180
83|C81|SMT|0402|3686.199|93.62945|4177.658|106.11252|Top|3705.884|94.12945|4177.658|106.11252|3686.199|93.62945|4177.658|106.11252|180
84|C82|SMT|0805|3908.189|99.26801|4095.7|104.03079|Bottom|3878.662|98.51801|4095.7|104.03079|3908.189|99.26801|4095.7|104.03079|0
85|C83|SMT|0603|3655.22|92.84259|4120.083|104.65011|Bottom|3655.22|92.84259|4092.524|103.95011|3655.22|92.84259|4120.083|104.65011|90
86|C84|SMT|0402|3687.735|93.66846|4060.458|103.13564|Top|3707.42|94.16846|4060.458|103.13564|3687.735|93.66846|4060.458|103.13564|180
87|C85|SMT|0402|3687.735|93.66846|4097.511|104.07677|Top|3707.42|94.16846|4097.511|104.07677|3687.735|93.66846|4097.511|104.07677|180
88|C86||0201 (0603 Metric)|6410.843|162.83542|3907.906|99.26081|Top|6410.843|162.83542|3917.918|99.51512|6410.843|162.83542|3907.906|99.26081|270
89|C87|SMT|0402|4314.316|109.58363|4094.433|103.9986|Bottom|4314.316|109.58363|4114.118|104.4986|4314.316|109.58363|4094.433|103.9986|270
90|C88|SMT|0402|4085.979|103.78386|4438.9|112.74807|Bottom|4085.979|103.78386|4419.215|112.24807|4085.979|103.78386|4438.9|112.74807|90
91|C89|SMT|0603|4132.968|104.97738|3811.96|96.82377|Bottom|4105.409|104.27739|3811.96|96.82377|4132.968|104.97739|3811.96|96.82377|0
92|C90|SMT|0603|4028.669|102.3282|3857.427|97.97865|Bottom|4056.229|103.0282|3857.427|97.97865|4028.669|102.3282|3857.427|97.97865|180
93|C91|SMT|0402|4218.02|107.1377|4377.649|111.19229|Bottom|4218.02|107.1377|4357.964|110.69229|4218.02|107.1377|4377.649|111.19229|90
94|C92|SMT|0402|4352.688|110.55827|4188.457|106.3868|Bottom|4352.688|110.55827|4208.142|106.8868|4352.688|110.55827|4188.457|106.3868|270
95|C93|SMT|0402|6586.376|167.29395|4589.833|116.58176|Top|6606.061|167.79395|4589.833|116.58176|6586.376|167.29396|4589.833|116.58176|180
96|C94|SMT|0402|4364|110.8456|3874.315|98.4076|Bottom|4364|110.8456|3894|98.9076|4364|110.8456|3874.315|98.4076|270
97|C95|SMT|0402|4376.527|111.16379|3958.402|100.54342|Bottom|4376.527|111.16379|3978.087|101.04342|4376.527|111.16379|3958.402|100.54342|270
98|C96|SMT|0402|4094.305|103.99535|4356.139|110.64592|Bottom|4094.305|103.99535|4375.824|111.14592|4094.305|103.99535|4356.139|110.64593|270
99|C97|SMT|0402|4188.971|106.39987|3908.472|99.27519|Bottom|4188.971|106.39987|3888.787|98.77519|4188.971|106.39987|3908.472|99.27519|90
100|C98|SMT|0402|3918.645|99.53359|4396.763|111.67779|Bottom|3898.96|99.03359|4396.763|111.67779|3918.645|99.53359|4396.763|111.67779|0
101|C99|SMT|0402|7156.656|181.77906|4589.689|116.57811|Top|7176.341|182.27906|4589.689|116.57811|7156.656|181.77906|4589.689|116.57811|180
102|C100|SMT|0603|3220.183|81.79265|4028.398|102.3213|Top|3220.183|81.79265|4000.839|101.62131|3220.183|81.79265|4028.398|102.32131|90
103|C101|SMT|0402|3257.078|82.72979|4075.843|103.52641|Bottom|3257.078|82.72979|4095.528|104.02642|3257.078|82.72979|4075.843|103.52642|270
104|C102|SMT|0603|4367.437|110.93289|4062.398|103.1849|Bottom|4367.437|110.93289|4089.957|103.8849|4367.437|110.93289|4062.398|103.1849|270
105|C103|SMT|0603|4150.968|105.4346|4365.072|110.87283|Bottom|4150.968|105.4346|4392.631|111.57283|4150.968|105.4346|4365.072|110.87283|270
106|C104|SMT|0402|7217.641|183.32808|4570.148|116.08176|Top|7217.641|183.32808|4589.833|116.58176|7217.641|183.32808|4570.148|116.08176|270
107|C105||0201 (0603 Metric)|6003.641|152.49248|4429.317|112.50466|Top|6003.641|152.49248|4419.305|112.25035|6003.641|152.49248|4429.317|112.50466|90
108|C106|SMT|0402|6042.326|153.47507|4472.323|113.597|Top|6042.326|153.47507|4452.638|113.097|6042.326|153.47507|4472.323|113.597|90
109|C107||0201 (0603 Metric)|6735.032|171.06982|4433.221|112.60381|Top|6735.032|171.06982|4423.208|112.3495|6735.032|171.06982|4433.221|112.60381|90
110|C108||0201 (0603 Metric)|6709.781|170.42843|3866.012|98.19671|Top|6709.781|170.42843|3876.024|98.45102|6709.781|170.42843|3866.012|98.19671|270
111|C109||0201 (0603 Metric)|6877.411|174.68625|3768.9|95.73006|Top|6867.399|174.43194|3768.9|95.73006|6877.411|174.68625|3768.9|95.73006|0
112|C110|SMT|0402|6951.811|176.57601|3773.615|95.84982|Top|6951.811|176.57601|3753.93|95.34982|6951.811|176.57601|3773.615|95.84982|90
113|C111||0805|3639.351|92.43952|3729.752|94.7357|Bottom|3675.769|93.36452|3729.752|94.7357|3639.351|92.43952|3729.752|94.7357|180
114|C112|SMT|0805|3109.684|78.98596|3663.434|93.05121|Top|3139.211|79.73596|3663.434|93.05121|3109.684|78.98596|3663.434|93.05121|180
115|C113|SMT|0805|3638.204|92.41039|3839.058|97.51208|Top|3638.204|92.41039|3809.531|96.76208|3638.204|92.41039|3839.058|97.51208|90
116|C114||0201 (0603 Metric)|6174.568|156.83402|3747.344|95.18253|Bottom|6184.58|157.08833|3747.344|95.18253|6174.568|156.83402|3747.344|95.18253|180
117|C115||0201|5764.723|146.42397|3872.198|98.35383|Top|5754.854|146.17329|3872.198|98.35383|5764.723|146.42397|3872.198|98.35383|0
118|C116||0201|5764.723|146.42396|3843.74|97.63101|Top|5754.854|146.17328|3843.74|97.63101|5764.723|146.42396|3843.74|97.63101|0
119|C117||0201 (0603 Metric)|6050.153|153.67389|3984.724|101.212|Top|6050.153|153.67389|3974.712|100.95769|6050.153|153.67389|3984.724|101.212|90
120|C118||0201 (0603 Metric)|6272.501|159.32153|3733.865|94.84018|Bottom|6272.501|159.32153|3743.878|95.09449|6272.501|159.32153|3733.865|94.84018|270
121|C119||0201 (0603 Metric)|6304.913|160.1448|3909.21|99.29394|Bottom|6304.913|160.1448|3899.198|99.03963|6304.913|160.1448|3909.21|99.29394|90
122|C120||0201 (0603 Metric)|4905.177|124.5915|4369.696|110.99029|Top|4895.165|124.33719|4369.696|110.99029|4905.177|124.5915|4369.696|110.99029|0
123|C121|SMT|0805|3541.254|89.94784|3686.196|93.62937|Bottom|3541.254|89.94784|3715.723|94.37937|3541.254|89.94784|3686.196|93.62937|270
124|C122|SMT|0402|6771.811|172.00401|4040|102.616|Top|6771.811|172.00401|4060|103.124|6771.811|172.00401|4040|102.616|270
125|C123||0201 (0603 Metric)|5580.172|141.73636|4531.937|115.1112|Top|5580.172|141.73636|4541.949|115.36551|5580.172|141.73636|4531.937|115.1112|270
126|C124||0805|3702.005|94.03093|3871.275|98.33038|Bottom|3665.588|93.10593|3871.275|98.33038|3702.005|94.03093|3871.275|98.33038|0
127|C125||0201|5252.946|133.42484|4538.699|115.28294|Bottom|5252.946|133.42484|4548.711|115.53725|5252.946|133.42484|4538.699|115.28294|270
128|C126|SMT|0402|3691.379|93.76102|4365.526|110.88435|Top|3711.064|94.26103|4365.526|110.88435|3691.379|93.76103|4365.526|110.88435|180
129|C127||0201 (0603 Metric)|6653.182|168.99083|3936.747|99.99338|Bottom|6663.195|169.24514|3936.747|99.99338|6653.182|168.99083|3936.747|99.99338|180
130|C128||0201 (0603 Metric)|6643.276|168.73922|3766.122|95.6595|Bottom|6653.289|168.99353|3766.122|95.6595|6643.276|168.73922|3766.122|95.6595|180
131|C129||0201|6719.583|170.67742|3813.735|96.86888|Bottom|6719.583|170.67742|3823.605|97.11956|6719.583|170.67742|3813.736|96.86888|270
132|C130|SMT|0402|3967.827|100.7828|4318.048|109.67843|Bottom|3967.827|100.7828|4298.363|109.17843|3967.827|100.7828|4318.048|109.67843|90
133|C131||0805|3469.549|88.12654|3689.635|93.71673|Bottom|3469.549|88.12654|3653.218|92.79173|3469.549|88.12654|3689.635|93.71673|90
134|D1||SOD-123F|3134.014|79.60396|3940.991|100.10118|Top|3134.014|79.60396|3882.92|98.62618|3134.014|79.60396|3940.991|100.10118|90
135|FID1|N/A|N/A|3133.516|79.59132|3406.702|86.53023|Top|3133.516|79.59132|3406.702|86.53023|3133.516|79.59132|3406.702|86.53023|0
136|FID2|N/A|N/A|3133.516|79.59131|4883.72|124.0465|Top|3133.516|79.59131|4883.72|124.0465|3133.516|79.59131|4883.72|124.0465|0
137|FID3|N/A|N/A|7109.397|180.57868|3406.702|86.53023|Top|7109.397|180.57868|3406.702|86.53023|7109.397|180.57868|3406.702|86.53023|0
138|FID4|N/A|N/A|7109.397|180.57868|3406.702|86.53023|Bottom|7109.397|180.57868|3406.702|86.53023|7109.397|180.57868|3406.702|86.53023|180
139|FID5|N/A|N/A|3133.516|79.59131|4883.72|124.0465|Bottom|3133.516|79.59131|4883.72|124.0465|3133.516|79.59131|4883.72|124.0465|180
140|FID6|N/A|N/A|3133.516|79.59132|3406.702|86.53023|Bottom|3133.516|79.59132|3406.702|86.53023|3133.516|79.59132|3406.702|86.53023|180
141|FL2|SMT|0402|3134.059|79.60509|4077.406|103.56612|Top|3134.059|79.60509|4097.091|104.06612|3134.059|79.60509|4077.406|103.56612|270
142|FL3|SMT|0402|6670.794|169.43818|3868.561|98.26144|Top|6670.794|169.43818|3848.876|97.76145|6670.794|169.43818|3868.561|98.26144|90
143|FL12|SMT|0402|5955.917|151.28028|4292.412|109.02727|Top|5936.232|150.78028|4292.412|109.02727|5955.917|151.28028|4292.412|109.02727|0
144|FL22|SMT|0402|4827.355|122.61482|4588.359|116.54432|Top|4807.67|122.11482|4588.359|116.54432|4827.355|122.61482|4588.359|116.54432|0
145|H1|||0|0|0|0|None|0|0|0|0|0|0|0|0|0
146|H2|||0|0|0|0|None|0|0|0|0|0|0|0|0|0
147|H3|||0|0|0|0|None|0|0|0|0|0|0|0|0|0
148|J1|SMT|Micro USB receptacle|2979.506|75.67945|4149.15|105.38841|Bottom|3032.656|77.02945|4097.969|104.08841|2979.506|75.67945|4149.15|105.3884|90
149|J2|SMT|Receptacle, 0.5 mm, 30x2, TH|4733.361|120.22736|4144.5|105.2703|Bottom|4620.565|117.36236|3859.067|98.0203|4733.361|120.22736|4144.5|105.2703|0
150|J3||HDR4|5065.287|128.6583|4581.753|116.37653|Bottom|4990.287|126.7533|4581.753|116.37653|5065.287|128.6583|4621.123|117.37653|0
151|J4||CONN_SMD_FFC|4605.629|116.98298|4173.336|106.00272|Top|4655.334|118.24548|4261.918|108.25272|4585.452|116.47048|4173.336|106.00272|270
152|J5|TH|DC Power Jack, R/A, TH|7125.633|180.99108|4130.482|104.91424|Top|6981.932|177.34108|4309.616|109.46424|7229.964|183.64108|4179.695|106.16424|0
153|J6||CONN_SMD_FFC|5711.906|145.08242|3760.351|95.5129|Top|5623.324|142.83242|3810.055|96.7754|5711.906|145.08242|3740.173|95.0004|0
154|J7||HDR10|6233.839|158.33952|4540.557|115.33016|Top|6333.839|160.87952|4565.557|115.96516|6233.839|158.33952|4610.833|117.11516|180
155|J8||HDR3|5923.436|150.45528|4578.881|116.30359|Top|5973.436|151.72528|4578.881|116.30359|5923.436|150.45528|4618.251|117.30359|180
156|J10||HDR3|7290.226|185.17175|3800|96.52|Top|7290.226|185.17175|3750|95.25|7329.596|186.17175|3800|96.52|90
157|J11|SMT|Receptacle, 0.5 mm, 30x2, TH|5895.118|149.73599|4104.5|104.25429|Bottom|6007.913|152.601|4389.933|111.5043|5895.118|149.73599|4104.5|104.25429|180
158|L1|SMT|0402 polarized|6487.222|164.77544|4324.41|109.84001|Top|6468.521|164.30044|4324.41|109.84001|6487.222|164.77544|4324.41|109.84001|0
159|L2|SMT|1008|3535.786|89.80897|4447.848|112.97533|Top|3577.125|90.85897|4447.848|112.97533|3535.786|89.80897|4447.848|112.97533|180
160|L3|SMT|1008|3319.272|84.3095|4447.848|112.97533|Top|3277.933|83.2595|4447.848|112.97533|3319.272|84.3095|4447.848|112.97533|0
161|L4|SMT|1008|3530.363|89.67122|3924.628|99.68555|Top|3571.702|90.72122|3924.628|99.68555|3530.363|89.67122|3924.628|99.68555|180
162|L5|SMT|1008|3323.749|84.42322|3924.628|99.68555|Top|3282.41|83.37322|3924.628|99.68555|3323.749|84.42322|3924.628|99.68555|0
163|L6|SMT|0402 polarized|6415.183|162.94565|4396.456|111.66997|Top|6415.183|162.94565|4377.755|111.19497|6415.183|162.94565|4396.456|111.66997|90
164|L7|SMT|0805|6491.963|164.89587|4040.829|102.63705|Bottom|6491.963|164.89587|4000.829|101.62105|6491.963|164.89587|4040.829|102.63705|90
165|L8|SMT|0603|6552.568|166.43523|3919.101|99.54516|Top|6552.568|166.43523|3891.542|98.84516|6552.568|166.43523|3919.101|99.54517|90
166|L9|SMT|0402 polarized|6441.848|163.62294|4484.723|113.91197|Top|6441.848|163.62294|4466.023|113.43697|6441.848|163.62294|4484.723|113.91197|90
167|L10|SMT|0402 polarized|6506.458|165.26404|4589.833|116.58176|Top|6487.757|164.78904|4589.833|116.58176|6506.458|165.26404|4589.833|116.58176|0
168|L11||0805|3191.809|81.07194|3746.614|95.16399|Top|3227.242|81.97194|3746.614|95.16399|3191.809|81.07194|3746.614|95.16399|180
169|L12|SMT|0603|3641.39|92.4913|3714.723|94.35397|Top|3641.39|92.4913|3686.723|93.64277|3641.39|92.4913|3714.723|94.35397|90
170|L13||0805|3287.128|83.49304|4612.769|117.16432|Top|3251.695|82.59304|4612.769|117.16432|3287.128|83.49304|4612.769|117.16432|0
171|L14|SMT|0603|3647.187|92.63855|3662.862|93.0367|Bottom|3675.187|93.34975|3662.862|93.0367|3647.187|92.63855|3662.862|93.0367|180
172|L15||0805|6850.965|174.01451|4138.994|105.13044|Top|6850.965|174.01451|4174.427|106.03044|6850.965|174.01451|4138.994|105.13044|270
173|L16||0805|4763.294|120.98767|3786.022|96.16495|Top|4763.294|120.98767|3821.455|97.06495|4763.294|120.98767|3786.022|96.16495|270
174|LD1|SMT|0402|2926.356|74.32945|3943.791|100.1723|Top|2908.64|73.87945|3943.791|100.1723|2926.356|74.32945|3943.791|100.1723|0
175|LD2|SMT|0402|5272.835|133.93001|4522.721|114.87713|Top|5272.835|133.93001|4540.438|115.32713|5272.835|133.93001|4522.721|114.87713|270
176|LD3|SMT|0402|4997.024|126.92442|4522.721|114.87713|Top|4979.308|126.47442|4522.721|114.87713|4997.024|126.92442|4522.721|114.87713|0
177|LD4|SMT|0402|3246.437|82.4595|4191.127|106.45463|Bottom|3246.437|82.4595|4208.844|106.90463|3246.437|82.4595|4191.127|106.45463|270
178|LD5|SMT|0402|4660.106|118.36668|4457.37|113.21721|Top|4660.106|118.36668|4439.654|112.76721|4660.106|118.36668|4457.37|113.21721|90
179|LD6|SMT|0402|6227.854|158.1875|4392.837|111.57805|Top|6227.854|158.1875|4375.12|111.12805|6227.854|158.1875|4392.837|111.57805|90
180|Q1||SOT23|4750.81|120.67057|4475.087|113.6672|Top|4785.326|121.54728|4439.063|112.75221|4750.81|120.67057|4475.087|113.6672|180
181|R1||0201|5643.169|143.33651|4618.565|117.31155|Top|5653.687|143.60365|4618.565|117.31155|5643.169|143.33651|4618.565|117.31155|180
182|R2|SMT|0201|4106.92|104.31578|4300.756|109.23921|Bottom|4117.944|104.59578|4300.756|109.23921|4106.92|104.31578|4300.756|109.23921|180
183|R3||0201|4274.791|108.57969|3889.159|98.78464|Bottom|4284.803|108.834|3889.159|98.78464|4274.791|108.57969|3889.159|98.78464|180
184|R4||0201|3752.34|95.30943|4408.843|111.9846|Bottom|3752.34|95.30943|4418.855|112.23891|3752.34|95.30943|4408.843|111.9846|270
185|R5||0201|3752.34|95.30943|4455.46|113.16868|Bottom|3752.34|95.30943|4445.448|112.91437|3752.34|95.30943|4455.46|113.16868|90
186|R6||0201|3095.345|78.62177|4050.448|102.88137|Bottom|3095.345|78.62177|4060.46|103.13568|3095.345|78.62177|4050.448|102.88137|270
187|R7||0201|4329.249|109.96291|4017.43|102.04271|Bottom|4329.249|109.96291|4027.442|102.29702|4329.249|109.96291|4017.43|102.04271|270
188|R8||0201|4221.226|107.21914|4034.413|102.47408|Bottom|4221.226|107.21914|4044.425|102.72839|4221.226|107.21914|4034.413|102.47408|270
189|R9||0201|4250.529|107.96344|3921.561|99.60765|Bottom|4250.529|107.96344|3931.573|99.86196|4250.529|107.96344|3921.561|99.60765|270
190|R10||0201|4917.012|124.89211|3921|99.5934|Bottom|4927.024|125.14642|3921|99.5934|4917.012|124.89211|3921|99.5934|180
191|R11||0201|4950.012|125.73031|3937.939|100.02366|Bottom|4960.024|125.98462|3937.939|100.02366|4950.012|125.73031|3937.939|100.02366|180
192|R12||0201 (0603 Metric)|4546.152|115.47225|4434.592|112.63863|Bottom|4558.947|115.79725|4434.592|112.63863|4546.152|115.47225|4434.592|112.63863|180
193|R13|SMT|0201|5261.811|133.65001|4570.639|116.09423|Top|5250.788|133.37001|4570.639|116.09423|5261.811|133.65001|4570.639|116.09423|0
194|R14||0201 (0603 Metric)|4547.116|115.49675|4410.248|112.0203|Bottom|4559.911|115.82175|4410.248|112.0203|4547.116|115.49675|4410.248|112.0203|180
195|R15||0201|3206.525|81.44572|4166.713|105.83451|Bottom|3206.525|81.44572|4156.701|105.5802|3206.525|81.44572|4166.713|105.83451|90
196|R16|SMT|0201|5566.395|141.38643|4484.463|113.90536|Top|5577.418|141.66642|4484.463|113.90536|5566.395|141.38643|4484.463|113.90536|180
197|R17|SMT|0201|6227.854|158.1875|4327.643|109.92213|Top|6227.854|158.1875|4316.619|109.64214|6227.854|158.1875|4327.643|109.92213|90
198|R18||0201|5362.776|136.21452|4021.796|102.15362|Bottom|5362.776|136.21452|4032.314|102.42077|5362.776|136.21452|4021.796|102.15362|270
199|R19||0201|3610.726|91.71244|4577.6|116.27105|Bottom|3620.738|91.96675|4577.6|116.27105|3610.726|91.71244|4577.6|116.27105|180
200|R20||0201|6584.182|167.23823|3988.939|101.31905|Bottom|6594.7|167.50538|3988.939|101.31905|6584.182|167.23823|3988.939|101.31905|180
201|R21||0201|3859.46|98.03029|4298.051|109.1705|Bottom|3859.46|98.03029|4308.063|109.42481|3859.46|98.03029|4298.051|109.1705|270
202|R22||0201|3886.731|98.72296|4298.051|109.1705|Bottom|3886.731|98.72296|4308.063|109.42481|3886.731|98.72296|4298.051|109.1705|270
203|R23||0201|3913.048|99.39143|4298.051|109.1705|Bottom|3913.048|99.39143|4308.063|109.42481|3913.048|99.39143|4298.051|109.1705|270
204|R24||0402|6583.182|167.21283|3937.463|100.01156|Bottom|6598.086|167.59139|3937.463|100.01156|6583.182|167.21283|3937.463|100.01156|180
205|R25||0201|3301.928|83.86898|4243.485|107.78451|Top|3311.941|84.12329|4243.485|107.78451|3301.928|83.86898|4243.485|107.78451|180
206|R26||0201|3295.238|83.69905|4131.092|104.92975|Top|3305.251|83.95336|4131.092|104.92975|3295.238|83.69905|4131.092|104.92975|180
207|R27|SMT|0201|6606.394|167.80241|3752.543|95.31458|Bottom|6606.394|167.80241|3741.519|95.03459|6606.394|167.80241|3752.543|95.31458|90
208|R28|SMT|0201|3555.869|90.31908|4218.485|107.14951|Top|3566.893|90.59908|4218.485|107.14951|3555.869|90.31908|4218.485|107.14951|180
209|R29|SMT|0201|6584.182|167.23823|3965.939|100.73485|Bottom|6595.206|167.51823|3965.939|100.73485|6584.182|167.23823|3965.939|100.73485|180
210|R30||0201 (0603 Metric)|5946.67|151.04542|3893.518|98.89536|Top|5946.67|151.04542|3880.723|98.57036|5946.67|151.04542|3893.518|98.89536|90
211|R31|SMT|0201|5008.048|127.20442|3971.401|100.8736|Bottom|5019.072|127.48442|3971.401|100.8736|5008.048|127.20442|3971.401|100.8736|180
212|R32|SMT|0201|3558.219|90.37877|4185.785|106.31894|Top|3569.243|90.65877|4185.785|106.31894|3558.219|90.37877|4185.785|106.31894|180
213|R33||0201|3295.505|83.70582|4095.956|104.03729|Top|3305.517|83.96013|4095.956|104.03729|3295.505|83.70582|4095.956|104.03729|180
214|R34||0201|3546.861|90.09027|4253.13|108.02951|Top|3536.849|89.83596|4253.13|108.02951|3546.861|90.09027|4253.13|108.02951|0
215|R35||0201|3301.928|83.86898|4284.607|108.82902|Top|3311.941|84.12329|4284.607|108.82902|3301.928|83.86898|4284.607|108.82902|180
216|R36||0201|3546.861|90.09027|4139.791|105.1507|Top|3536.849|89.83596|4139.791|105.1507|3546.861|90.09027|4139.791|105.1507|0
217|R37||0201|5007.037|127.17873|4011.067|101.88111|Bottom|5017.049|127.43304|4011.067|101.88111|5007.037|127.17873|4011.067|101.88111|180
218|R38|SMT|0201|5330.472|135.39399|4478.822|113.76208|Bottom|5341.496|135.67399|4478.822|113.76208|5330.472|135.39399|4478.822|113.76208|180
219|R39||0201|2919.275|74.14959|3885.585|98.69387|Top|2929.287|74.4039|3885.585|98.69387|2919.275|74.14959|3885.585|98.69387|180
220|R40||0201|3175.78|80.66481|4488.128|113.99844|Bottom|3175.78|80.66481|4498.14|114.25275|3175.78|80.66481|4488.128|113.99844|270
221|R41|SMT|0201|3013.915|76.55344|4326.245|109.88663|Bottom|3024.939|76.83344|4326.245|109.88663|3013.915|76.55344|4326.245|109.88663|180
222|R42|SMT|0201|5090.287|129.2933|4522.721|114.87713|Top|5079.264|129.0133|4522.721|114.87713|5090.287|129.2933|4522.721|114.87713|0
223|R43||0201|3245.345|82.43177|3734.95|94.86773|Bottom|3245.345|82.43177|3744.962|95.12204|3245.345|82.43177|3734.95|94.86773|270
224|R44||0201|3095.977|78.6378|3724.938|94.61342|Bottom|3105.989|78.89211|3724.938|94.61342|3095.977|78.6378|3724.938|94.61342|180
225|R45||0201|3195.345|81.16176|4097.107|104.06652|Bottom|3195.345|81.16176|4087.095|103.81221|3195.345|81.16176|4097.107|104.06652|90
226|R46||0201|3195.345|81.16177|3734.95|94.86773|Bottom|3195.345|81.16177|3724.938|94.61342|3195.345|81.16177|3734.95|94.86773|90
227|R47||0201|3145.345|79.89177|4050.448|102.88137|Bottom|3145.345|79.89177|4060.46|103.13568|3145.345|79.89177|4050.448|102.88137|270
228|R48||0201|3145.345|79.89177|3734.95|94.86773|Bottom|3145.345|79.89177|3724.938|94.61342|3145.345|79.89177|3734.95|94.86773|90
229|R49||0201|3195.345|81.16177|4050.448|102.88137|Bottom|3195.345|81.16177|4060.46|103.13568|3195.345|81.16177|4050.448|102.88137|270
230|R50||0201|3241.628|82.33735|4329.426|109.96742|Top|3241.628|82.33735|4319.414|109.71311|3241.628|82.33735|4329.426|109.96742|90
231|R51||0201 (0603 Metric)|5327.596|135.32095|4601.842|116.88679|Bottom|5314.801|134.99595|4601.842|116.88679|5327.596|135.32095|4601.842|116.88679|0
232|R52||0201|3231.078|82.06938|4281.064|108.73902|Top|3221.066|81.81507|4281.064|108.73902|3231.078|82.06938|4281.064|108.73902|0
233|R53|SMT|0402|3667.501|93.15453|4501.239|114.33146|Top|3687.186|93.65453|4501.239|114.33146|3667.501|93.15453|4501.239|114.33146|180
234|R54|SMT|0402|3200.345|81.28876|4485.562|113.93328|Top|3180.66|80.78876|4485.562|113.93328|3200.345|81.28876|4485.562|113.93328|0
235|R55|SMT|0402|3615.389|91.83088|4020.215|102.11347|Top|3615.389|91.83088|4039.901|102.61348|3615.389|91.83088|4020.216|102.11348|270
236|R56|SMT|0402|3231.352|82.07634|3858.365|98.00246|Top|3231.352|82.07634|3878.05|98.50246|3231.352|82.07634|3858.365|98.00246|270
237|R57||0201 (0603 Metric)|5270.798|133.87828|4602.686|116.90823|Bottom|5258.003|133.55328|4602.686|116.90823|5270.798|133.87828|4602.686|116.90823|0
238|R58||0201 (0603 Metric)|5008.993|127.22843|4046.937|102.7922|Bottom|5021.789|127.55344|4046.937|102.7922|5008.993|127.22843|4046.937|102.7922|180
239|R59||0201|3936.984|99.9994|4298.051|109.1705|Bottom|3936.984|99.9994|4308.063|109.42481|3936.984|99.9994|4298.051|109.1705|270
240|R60|SMT|0201|3014.548|76.56951|4356.601|110.65767|Bottom|3025.571|76.84951|4356.601|110.65767|3014.548|76.56951|4356.601|110.65767|180
241|R61|SMT|0201|3163.553|80.35424|4206.754|106.85156|Bottom|3163.553|80.35424|4195.731|106.57156|3163.553|80.35424|4206.754|106.85156|90
242|R62|SMT|0201|3206.509|81.44534|4580.212|116.33738|Bottom|3206.509|81.44534|4591.236|116.61738|3206.509|81.44534|4580.212|116.33738|270
243|R63|SMT|0201|3255.875|82.69922|4579.807|116.32711|Bottom|3255.875|82.69922|4590.831|116.60711|3255.875|82.69922|4579.807|116.32711|270
244|R64||0201|3086.139|78.38794|4475.147|113.66873|Bottom|3076.127|78.13363|4475.147|113.66873|3086.139|78.38794|4475.147|113.66873|0
245|R65||0201|3137.797|79.70003|4475.147|113.66873|Bottom|3147.809|79.95434|4475.147|113.66873|3137.797|79.70003|4475.147|113.66873|180
246|R66||0201 (0603 Metric)|4991.424|126.78217|4377.555|111.1899|Bottom|4981.412|126.52786|4377.555|111.1899|4991.424|126.78217|4377.555|111.1899|0
247|R67||0201 (0603 Metric)|5513.338|140.03879|3938.912|100.04837|Bottom|5500.543|139.71379|3938.912|100.04837|5513.338|140.03879|3938.912|100.04837|0
248|R68||0201 (0603 Metric)|5601.88|142.28774|3937.06|100.00132|Bottom|5614.675|142.61274|3937.06|100.00132|5601.88|142.28774|3937.06|100.00132|180
249|R69|SMT|0201|5505.11|139.82979|3737.111|94.92263|Bottom|5516.133|140.10979|3737.111|94.92263|5505.11|139.82979|3737.111|94.92263|180
250|R70||0201 (0603 Metric)|5434|138.0236|3877.692|98.49338|Bottom|5421.205|137.6986|3877.692|98.49338|5434|138.0236|3877.692|98.49338|0
251|R71||0201 (0603 Metric)|5396.257|137.06492|3801.258|96.55197|Bottom|5383.461|136.73992|3801.258|96.55197|5396.257|137.06492|3801.258|96.55197|0
252|R72||0201 (0603 Metric)|5422.758|137.73805|3927.237|99.75183|Bottom|5422.758|137.73805|3937.25|100.00614|5422.758|137.73805|3927.237|99.75183|270
253|R73||0201 (0603 Metric)|5458.856|138.65495|3908.001|99.26322|Bottom|5468.868|138.90926|3908.001|99.26322|5458.856|138.65495|3908.001|99.26322|180
254|R74||0201 (0603 Metric)|6581.1|167.15994|4063.919|103.22355|Top|6571.088|166.90563|4063.919|103.22355|6581.1|167.15994|4063.919|103.22355|0
255|R75||0201|4300.764|109.23942|3981.67|101.13441|Bottom|4300.764|109.23942|3991.682|101.38872|4300.764|109.23942|3981.67|101.13441|270
256|R76||0201 (0603 Metric)|6210.777|157.75373|3903.446|99.14753|Bottom|6210.777|157.75373|3893.434|98.89322|6210.777|157.75373|3903.446|99.14753|90
257|R77||0201|5185.296|131.70652|4021|102.1334|Bottom|5185.296|131.70652|4031.518|102.40055|5185.296|131.70652|4021|102.1334|270
258|R78||0201|5155|130.937|3984|101.1936|Bottom|5144.482|130.66985|3984|101.1936|5155|130.937|3984|101.1936|0
259|R79||0201|6304.113|160.12446|3815.648|96.91745|Bottom|6304.113|160.12446|3825.66|97.17176|6304.113|160.12446|3815.648|96.91745|270
260|R80||0201|5155.482|130.94925|3915|99.441|Bottom|5144.965|130.6821|3915|99.441|5155.482|130.94925|3915|99.441|0
261|R81||0201|5324.406|135.23992|4050.421|102.88071|Bottom|5324.406|135.23992|4060.939|103.14786|5324.406|135.23992|4050.421|102.88071|270
262|R82||0201|5279.721|134.10491|4020.999|102.13339|Bottom|5279.721|134.10491|4031.517|102.40054|5279.721|134.10491|4020.999|102.13339|270
263|R83||0201|4055.258|103.00355|4296.883|109.14083|Bottom|4055.258|103.00355|4306.895|109.39514|4055.258|103.00355|4296.883|109.14083|270
264|R84||0201|4216.302|107.09406|4208.844|106.90463|Bottom|4216.302|107.09406|4198.832|106.65032|4216.302|107.09406|4208.844|106.90463|90
265|R85||0201|3645.848|92.60453|4457.988|113.23289|Top|3645.848|92.60453|4468|113.4872|3645.848|92.60453|4457.988|113.23289|270
266|R86||0201 (0603 Metric)|6141.033|155.98223|4180.572|106.18654|Top|6131.02|155.72792|4180.572|106.18654|6141.033|155.98223|4180.572|106.18654|0
267|R87||0201 (0603 Metric)|6141.183|155.98604|4202.463|106.74257|Top|6131.17|155.73173|4202.463|106.74257|6141.183|155.98604|4202.463|106.74257|0
268|R88||0201|4547.266|115.50056|4114.972|104.5203|Bottom|4537.254|115.24625|4114.972|104.5203|4547.266|115.50056|4114.972|104.5203|0
269|R89|SMT|0201|6338.194|160.99012|4411.08|112.04144|Top|6327.17|160.71012|4411.08|112.04144|6338.194|160.99012|4411.08|112.04144|0
270|R90||0201 (0603 Metric)|6278.988|159.48629|4249|107.9246|Bottom|6268.976|159.23198|4249|107.9246|6278.988|159.48629|4249|107.9246|0
271|R91||0201 (0603 Metric)|6422.157|163.12278|3920.534|99.58156|Bottom|6432.169|163.37709|3920.534|99.58156|6422.157|163.12278|3920.534|99.58156|180
272|R92|SMT|0201|6583.222|167.21385|3689.743|93.71947|Bottom|6572.199|166.93385|3689.743|93.71947|6583.222|167.21385|3689.743|93.71947|0
273|R93||0201|5206.296|132.23992|4021|102.1334|Bottom|5206.296|132.23992|4010.482|101.86625|5206.296|132.23992|4021|102.1334|90
274|R94||0201|5995.697|152.29069|4043.692|102.70978|Top|5985.179|152.02354|4043.692|102.70978|5995.697|152.29069|4043.692|102.70978|0
275|R95||0201|5979.949|151.89069|3836.094|97.4368|Top|5969.431|151.62354|3836.094|97.4368|5979.949|151.89069|3836.094|97.4368|0
276|R96||0201|5155.482|130.94925|3938|100.0252|Bottom|5166|131.2164|3938|100.0252|5155.482|130.94925|3938|100.0252|180
277|R97||0201 (0603 Metric)|5314.733|134.99423|4010.481|101.86623|Bottom|5304.721|134.73992|4010.481|101.86623|5314.733|134.99423|4010.481|101.86623|0
278|R98||0201|5155|130.937|3961|100.6094|Bottom|5165.518|131.20415|3961|100.6094|5155|130.937|3961|100.6094|180
279|R99||0201 (0603 Metric)|5996.828|152.31943|3891.697|98.84911|Top|5996.828|152.31943|3901.709|99.10342|5996.828|152.31943|3891.697|98.84911|270
280|R100||0201 (0603 Metric)|5872.419|149.15944|3998.82|101.57003|Top|5862.407|148.90513|3998.82|101.57003|5872.419|149.15944|3998.82|101.57003|0
281|R101||0201 (0603 Metric)|6046.185|153.5731|3941.564|100.11573|Top|6046.185|153.5731|3951.576|100.37004|6046.185|153.5731|3941.564|100.11573|270
282|R102||0201 (0603 Metric)|6278.988|159.48629|4272.453|108.52031|Bottom|6268.976|159.23198|4272.453|108.52031|6278.988|159.48629|4272.453|108.52031|0
283|R103|SMT|0201|3679.348|93.45545|4459.535|113.2722|Top|3679.348|93.45545|4470.559|113.5522|3679.348|93.45545|4459.535|113.2722|270
284|R104||0201|6581.474|167.16944|4005.003|101.72707|Top|6591.992|167.43659|4005.003|101.72707|6581.474|167.16944|4005.003|101.72707|180
285|R105||0201 (0603 Metric)|6685.026|169.79966|3997.344|101.53255|Top|6695.038|170.05397|3997.344|101.53255|6685.026|169.79966|3997.344|101.53255|180
286|R106||0201 (0603 Metric)|6695.038|170.05397|4036.52|102.52761|Top|6695.038|170.05397|4026.508|102.2733|6695.038|170.05397|4036.52|102.52761|90
287|R107|SMT|0201|4620.565|117.36236|4450.677|113.04721|Top|4620.565|117.36236|4461.701|113.32721|4620.565|117.36236|4450.677|113.04721|270
288|R108|SMT|0201|4843.987|123.03726|4439.063|112.75221|Top|4855.01|123.31726|4439.063|112.75221|4843.987|123.03726|4439.063|112.75221|180
289|R110||0201|6168.272|156.67411|4114.745|104.51453|Bottom|6168.272|156.67411|4125.263|104.78168|6168.272|156.67411|4114.745|104.51453|270
290|R111|SMT|0201|5100.51|129.55295|4345.882|110.38539|Top|5111.534|129.83295|4345.882|110.38539|5100.51|129.55295|4345.882|110.38539|180
291|R112||0201 (0603 Metric)|5872.419|149.15944|3951.702|100.37323|Top|5862.407|148.90513|3951.702|100.37323|5872.419|149.15944|3951.702|100.37323|0
292|R113||0201 (0603 Metric)|5914.313|150.22354|3891.697|98.84911|Top|5914.313|150.22354|3881.685|98.5948|5914.313|150.22354|3891.697|98.84911|90
293|R114|SMT|0402|6930.63|176.03801|3895.33|98.94137|Top|6950.315|176.53801|3895.33|98.94137|6930.63|176.03801|3895.33|98.94137|180
294|R115||0201 (0603 Metric)|6854.793|174.11174|3961|100.6094|Top|6844.781|173.85743|3961|100.6094|6854.793|174.11174|3961|100.6094|0
295|R116||0201 (0603 Metric)|6754.793|171.57174|3956|100.4824|Top|6744.781|171.31743|3956|100.4824|6754.793|171.57174|3956|100.4824|0
296|R117|SMT|0402|6909.663|175.50543|3823.52|97.1174|Top|6909.663|175.50543|3843.205|97.6174|6909.663|175.50543|3823.52|97.1174|270
297|R118||0201|6696.811|170.09901|4422|112.3188|Top|6696.811|170.09901|4411.482|112.05165|6696.811|170.09901|4422|112.3188|90
298|R119|SMT|0402|5885.956|149.50328|4492.773|114.11642|Top|5866.271|149.00328|4492.773|114.11642|5885.956|149.50328|4492.773|114.11642|0
299|R120||0201 (0603 Metric)|6802.811|172.79141|4252.988|108.02589|Top|6802.811|172.79141|4242.976|107.77158|6802.811|172.79141|4252.988|108.02589|90
300|R121||0201 (0603 Metric)|6649.045|168.88573|4333.233|110.06412|Top|6659.057|169.14004|4333.233|110.06412|6649.045|168.88573|4333.233|110.06412|180
301|R122||0201|5837.641|148.27608|4429.062|112.49818|Top|5837.641|148.27608|4439.58|112.76533|5837.641|148.27608|4429.062|112.49818|270
302|R123||0201 (0603 Metric)|5843.141|148.41578|4359.706|110.73652|Top|5843.141|148.41578|4349.694|110.48221|5843.141|148.41578|4359.706|110.73652|90
303|R124||0201|4905.312|124.59492|4342.123|110.28991|Top|4894.794|124.32777|4342.123|110.28991|4905.312|124.59492|4342.123|110.28991|0
304|R125||0201|5198.849|132.05077|4520.034|114.80887|Top|5209.367|132.31792|4520.034|114.80887|5198.849|132.05077|4520.034|114.80887|180
305|R126|SMT|0402|5960.917|151.40728|4492.485|114.10912|Top|5941.232|150.90728|4492.485|114.10912|5960.917|151.40728|4492.485|114.10912|0
306|R127||0201 (0603 Metric)|6649.799|168.9049|4310|109.474|Top|6639.787|168.65059|4310|109.474|6649.799|168.9049|4310|109.474|0
307|R128||0201 (0603 Metric)|6695.725|170.07141|4240.706|107.71393|Top|6705.737|170.32572|4240.706|107.71393|6695.725|170.07141|4240.706|107.71393|180
308|R129||0201 (0603 Metric)|5149.26|130.7912|4519.454|114.79414|Top|5159.272|131.04551|4519.454|114.79414|5149.26|130.7912|4519.454|114.79414|180
309|R130||0201|4547.266|115.50056|4134.634|105.01971|Bottom|4537.254|115.24625|4134.634|105.01971|4547.266|115.50056|4134.634|105.01971|0
310|R131||0201 (0603 Metric)|6321.17|160.55772|3978.406|101.05151|Bottom|6331.182|160.81203|3978.406|101.05151|6321.17|160.55772|3978.406|101.05151|180
311|R132||0201|4547.266|115.50056|4154.342|105.5203|Bottom|4537.254|115.24625|4154.342|105.5203|4547.266|115.50056|4154.342|105.5203|0
312|R133||0201|4547.266|115.50056|4174.749|106.03862|Bottom|4537.254|115.24625|4174.749|106.03862|4547.266|115.50056|4174.749|106.03862|0
313|R134||0201|6889.73|174.99915|3969.514|100.82565|Top|6889.73|174.99915|3958.996|100.5585|6889.73|174.99915|3969.514|100.82565|90
314|R135||0201|4547.266|115.50056|4194.778|106.54736|Bottom|4537.254|115.24625|4194.778|106.54736|4547.266|115.50056|4194.778|106.54736|0
315|R136||0201 (0603 Metric)|6749.824|171.44552|4241|107.7214|Top|6739.811|171.19121|4241|107.7214|6749.824|171.44552|4241|107.7214|0
316|R137||0201|4547.266|115.50056|4213.105|107.01287|Bottom|4537.254|115.24625|4213.105|107.01287|4547.266|115.50056|4213.105|107.01287|0
317|R138||0201|4547.266|115.50056|4233.083|107.5203|Bottom|4537.254|115.24625|4233.083|107.5203|4547.266|115.50056|4233.083|107.5203|0
318|R139||0201 (0603 Metric)|6824.811|173.35021|4252.988|108.02589|Top|6824.811|173.35021|4263|108.2802|6824.811|173.35021|4252.988|108.02589|270
319|R140||0201|4547.266|115.50056|4252.402|108.011|Bottom|4537.254|115.24625|4252.402|108.011|4547.266|115.50056|4252.402|108.011|0
320|R141|SMT|0201|6760.032|171.70482|4429.257|112.50312|Top|6760.032|171.70482|4418.233|112.22312|6760.032|171.70482|4429.257|112.50312|90
321|R142||0201 (0603 Metric)|4992.713|126.81492|4098.756|104.10841|Top|4992.713|126.81492|4111.552|104.43341|4992.713|126.81492|4098.756|104.10841|270
322|R143||0201 (0603 Metric)|4967.767|126.18128|4098.756|104.10841|Top|4967.767|126.18128|4111.552|104.43341|4967.767|126.18128|4098.756|104.10841|270
323|R144||0201 (0603 Metric)|5061.585|128.56425|4192.655|106.49345|Top|5048.789|128.23925|4192.655|106.49345|5061.585|128.56425|4192.655|106.49345|0
324|R145||0201 (0603 Metric)|5060.481|128.53622|4171.223|105.94906|Top|5047.686|128.21122|4171.223|105.94906|5060.481|128.53622|4171.223|105.94906|0
325|R146||0201 (0603 Metric)|5032.795|127.833|4217.792|107.13191|Top|5020|127.508|4217.792|107.13191|5032.795|127.833|4217.792|107.13191|0
326|R147||0201 (0603 Metric)|5032.795|127.833|4240.792|107.71611|Top|5020|127.508|4240.792|107.71611|5032.795|127.833|4240.792|107.71611|0
327|R148||0201 (0603 Metric)|4932.761|125.29214|4296.616|109.13404|Top|4932.761|125.29214|4283.82|108.80904|4932.761|125.29214|4296.616|109.13404|90
328|R149||0201 (0603 Metric)|4956.166|125.88661|4295.869|109.11508|Top|4956.166|125.88661|4283.074|108.79007|4956.166|125.88661|4295.869|109.11508|90
329|R150||0201 (0603 Metric)|6113.614|155.28578|4381.762|111.29675|Bottom|6100.818|154.96078|4381.762|111.29675|6113.614|155.28578|4381.762|111.29675|0
330|R151||0201 (0603 Metric)|6115.411|155.33144|4348.479|110.45137|Bottom|6102.616|155.00644|4348.479|110.45137|6115.411|155.33144|4348.479|110.45137|0
331|R152||0201 (0603 Metric)|5690.926|144.54953|4328.396|109.94126|Bottom|5678.131|144.22453|4328.396|109.94126|5690.926|144.54953|4328.396|109.94126|0
332|R153||0201 (0603 Metric)|6113.324|155.27843|4312.592|109.53983|Bottom|6100.529|154.95343|4312.592|109.53983|6113.324|155.27843|4312.592|109.53983|0
333|R154||0201 (0603 Metric)|5690.926|144.54953|4298.926|109.19273|Bottom|5678.131|144.22453|4298.926|109.19273|5690.926|144.54953|4298.926|109.19273|0
334|R155||0201 (0603 Metric)|6115.554|155.33506|4257.572|108.14233|Bottom|6102.758|155.01006|4257.572|108.14233|6115.554|155.33506|4257.572|108.14233|0
335|R157||0201 (0603 Metric)|5690.926|144.54953|4257.724|108.14618|Bottom|5678.131|144.22453|4257.724|108.14618|5690.926|144.54953|4257.724|108.14618|0
336|R158||0201|4175.556|106.05912|4290.744|108.98489|Bottom|4175.556|106.05912|4300.756|109.2392|4175.556|106.05912|4290.744|108.98489|270
337|R159||0201|4201.229|106.71121|4302.146|109.27452|Bottom|4201.229|106.71121|4292.134|109.02021|4201.229|106.71121|4302.146|109.27452|90
338|R160||0201 (0603 Metric)|6262.641|159.07108|3903.155|99.14012|Bottom|6262.641|159.07108|3893.142|98.88581|6262.641|159.07108|3903.155|99.14012|90
339|R161||0201 (0603 Metric)|6141.182|155.98603|4158.463|105.62496|Top|6131.17|155.73172|4158.463|105.62496|6141.182|155.98603|4158.463|105.62496|0
340|R166||0201 (0603 Metric)|6240.616|158.51165|3903.592|99.15124|Bottom|6240.616|158.51165|3893.58|98.89693|6240.616|158.51165|3903.592|99.15124|90
341|R168||0201 (0603 Metric)|6186.75|157.14346|3904.386|99.1714|Bottom|6186.75|157.14346|3894.374|98.91709|6186.75|157.14346|3904.386|99.1714|90
342|R170||0201|4214.74|107.0544|4253.13|108.02951|Bottom|4224.752|107.30871|4253.13|108.02951|4214.74|107.0544|4253.13|108.02951|180
343|R171||0201|4226.452|107.35187|4300.41|109.23041|Bottom|4226.452|107.35187|4290.398|108.9761|4226.452|107.35187|4300.41|109.23041|90
344|R172||0201|3206.715|81.45056|4209.445|106.91991|Bottom|3206.715|81.45056|4219.457|107.17422|3206.715|81.45056|4209.445|106.91991|270
345|R174||0201|4147.228|105.3396|4290.744|108.98489|Bottom|4147.228|105.3396|4300.756|109.2392|4147.228|105.3396|4290.744|108.98489|270
346|R176||0201|3221.715|81.83156|4209.445|106.91991|Top|3221.715|81.83156|4219.457|107.17422|3221.715|81.83156|4209.445|106.91991|270
347|R177||0201|4979.62|126.48234|4401.504|111.79821|Top|4990.137|126.74949|4401.504|111.79821|4979.62|126.48234|4401.504|111.79821|180
348|R178||0201|4926.294|125.12787|4461.701|113.32721|Top|4926.294|125.12787|4472.219|113.59435|4926.294|125.12787|4461.701|113.32721|270
349|R180||0201|6165.186|156.59571|3789.15|96.24441|Bottom|6165.186|156.59571|3799.162|96.49872|6165.186|156.59571|3789.15|96.24441|270
350|R181||0201|5520.046|140.20916|3770.646|95.77442|Top|5530.058|140.46347|3770.646|95.77442|5520.046|140.20916|3770.646|95.77442|180
351|R182||0201 (0603 Metric)|4717.711|119.82986|4183.178|106.25272|Top|4727.723|120.08417|4183.178|106.25272|4717.711|119.82986|4183.178|106.25272|180
352|R183||0201 (0603 Metric)|5520.608|140.22344|3799.622|96.51041|Top|5530.62|140.47775|3799.622|96.51041|5520.608|140.22344|3799.622|96.51041|180
353|R184||0201 (0603 Metric)|5521.163|140.23755|3823.282|97.11136|Top|5531.176|140.49186|3823.282|97.11136|5521.163|140.23755|3823.282|97.11136|180
354|R185||0201 (0603 Metric)|5520.996|140.23329|3846.495|97.70097|Top|5531.008|140.4876|3846.495|97.70097|5520.996|140.23329|3846.495|97.70097|180
355|R186||0201 (0603 Metric)|6095.545|154.82684|3931.22|99.853|Bottom|6082.749|154.50183|3931.22|99.853|6095.545|154.82684|3931.22|99.853|0
356|R187||0201 (0603 Metric)|6095.545|154.82684|3892.263|98.86348|Bottom|6082.749|154.50183|3892.263|98.86348|6095.545|154.82684|3892.263|98.86348|0
357|R188||0201 (0603 Metric)|6095.545|154.82684|3857.413|97.9783|Bottom|6082.749|154.50183|3857.413|97.9783|6095.545|154.82684|3857.413|97.9783|0
358|R189||0201 (0603 Metric)|6095.545|154.82684|3817.562|96.96607|Bottom|6082.749|154.50183|3817.562|96.96607|6095.545|154.82684|3817.562|96.96607|0
359|R190||0201 (0603 Metric)|6095.545|154.82684|3764.528|95.61902|Bottom|6082.749|154.50183|3764.528|95.61902|6095.545|154.82684|3764.528|95.61902|0
360|RA1||0502|4688.087|119.07741|4589.749|116.57962|Bottom|4664.465|118.47741|4600.576|116.85463|4688.087|119.07741|4589.749|116.57962|0
361|RA2||0502|4620.862|117.36989|4589.749|116.57962|Bottom|4597.24|116.7699|4600.576|116.85463|4620.862|117.36989|4589.749|116.57962|0
362|RA3||0502|4546.772|115.48801|4067.232|103.3077|Bottom|4535.945|115.21301|4043.61|102.7077|4546.772|115.48801|4067.232|103.3077|90
363|RA4||0502|4545.098|115.44548|3981.114|101.12029|Bottom|4534.271|115.17048|3957.492|100.52029|4545.098|115.44548|3981.114|101.12029|90
364|RA5||0502|4941.511|125.51438|4432.715|112.59095|Bottom|4930.684|125.23938|4409.092|111.99095|4941.511|125.51438|4432.715|112.59095|90
365|RA6||0502|4960.212|125.98938|4302.907|109.29383|Bottom|4936.59|125.38938|4313.734|109.56883|4960.212|125.98938|4302.907|109.29383|0
366|RA7||0502|4942.516|125.53991|4213.651|107.02674|Bottom|4931.69|125.26491|4190.029|106.42674|4942.516|125.53991|4213.651|107.02674|90
367|RA8||0502|4941.864|125.52335|4095.871|104.03512|Bottom|4931.037|125.24834|4072.249|103.43512|4941.864|125.52335|4095.871|104.03512|90
368|RA9||0502|4949.85|125.7262|3979.761|101.08593|Bottom|4939.024|125.4512|3956.139|100.48593|4949.85|125.7262|3979.761|101.08593|90
369|S1|SMT|SW, SMT Half Pitch 4SPST, 5.8x2.7x6.25 mm|5480.371|139.20143|4285.463|108.85076|Top|5405.371|137.29643|4135.463|105.04076|5480.371|139.20143|4285.463|108.85076|90
370|S2|SMT|SW, SMT Half Pitch 4SPST, 5.8x2.7x6.25 mm|5274.371|133.96903|3923.463|99.65596|Top|5199.371|132.06403|3773.463|95.84596|5274.371|133.96903|3923.463|99.65596|90
371|S3|Surface Mount|SMT_SW_5MM4_2MM5|3142.312|79.81472|4326.423|109.89114|Top|3142.312|79.81472|4226.423|107.35114|3142.312|79.81472|4326.423|109.89114|90
372|SW2|SMT|3x1.6x2.5mm|4832.839|122.75412|4302.767|109.29029|Top|4832.839|122.75412|4369.696|110.99029|4832.839|122.75412|4302.767|109.29029|270
373|SW3|SMT|3x1.6x2.5mm|5188.735|131.79387|4412.811|112.08539|Top|5188.735|131.79387|4479.74|113.78539|5188.735|131.79387|4412.811|112.08539|270
374|TP20||HDR1|5072.158|128.8328|4430.473|112.53401|Bottom|5072.158|128.8328|4430.473|112.53401|5072.158|128.8328|4430.473|112.53401|180
375|U1|SMT|RNF0026C|3427.479|87.05796|4189.004|106.4007|Top|3502.282|88.95796|4117.154|104.5757|3427.479|87.05796|4189.004|106.4007|180
376|U2||FCBGA180|4056.48|103.0346|4141.127|105.18464|Top|4324.197|109.8346|3873.411|98.38464|4056.48|103.0346|4141.127|105.18464|180
377|U3||QFN24-EP|3157.312|80.19572|4341.423|110.27214|Bottom|3078.983|78.20617|4292.21|109.02214|3157.312|80.19572|4341.423|110.27214|0
378|U4||DBV0005A|6882.182|174.80743|3851.628|97.83134|Bottom|6844.781|173.85743|3905.762|99.20634|6882.182|174.80743|3851.628|97.83134|270
379|U5|SMT|DRL0006A|5312.362|134.93399|4548.711|115.53726|Bottom|5341.496|135.67399|4568.396|116.03727|5312.362|134.93399|4548.711|115.53726|180
380|U6||TSOT-23-5|5553.535|141.05979|3840.012|97.5363|Bottom|5516.133|140.10979|3887.866|98.7518|5553.535|141.05979|3840.012|97.5363|270
381|U7||LGA28|5294.879|134.48992|3907.22|99.24338|Bottom|5206.296|132.23992|3845.704|97.68088|5294.879|134.48992|3907.22|99.24338|270
382|U8|SMT|RGZ0048A|6343.38|161.12184|4111.108|104.42213|Top|6451.647|163.87184|4244.966|107.82213|6343.38|161.12184|4111.108|104.42213|270
383|U9|SMT|WSON-8|3170.345|80.52677|3893.293|98.88965|Bottom|3245.345|82.43177|3783.057|96.08965|3170.345|80.52677|3893.293|98.88965|90
384|U10||RSV0016A|5961.557|151.42354|3975.198|100.97003|Top|5985.179|152.02354|4004.726|101.72004|5961.557|151.42354|3975.198|100.97003|270
385|U11|SMT|DSF0006A|6639.323|168.6388|4040.287|102.62329|Top|6655.071|169.0388|4026.508|102.2733|6639.323|168.6388|4040.287|102.6233|180
386|U12|SMT|DRB0008F|5923.436|150.45528|4384.462|111.36533|Top|5885.051|149.48028|4329.344|109.96533|5923.436|150.45528|4384.462|111.36533|90
387|U13|SMT|RSV0016A|6728.937|170.91501|4322.756|109.798|Top|6699.41|170.16501|4346.378|110.398|6728.937|170.91501|4322.756|109.798|0
388|U14|SMT|RUT0012A|6241.042|158.52246|3825.362|97.1642|Bottom|6272.538|159.32246|3797.803|96.4642|6241.042|158.52246|3825.362|97.1642|90
389|U15|SMT|RSE0010A|5654.191|143.61645|4551.792|115.61551|Top|5680.766|144.29145|4522.264|114.86551|5654.191|143.61645|4551.792|115.61551|180
390|U16||X2SON-6|4910.544|124.72782|4415.284|112.14821|Top|4926.294|125.12787|4401.504|111.79821|4910.544|124.72782|4415.284|112.14821|180
391|U17|SMT|DRB0008F|6799.781|172.71443|3866|98.1964|Top|6744.663|171.31443|3904.386|99.1714|6799.781|172.71443|3866|98.1964|0
392|U18|SMT|DGS0010A|3671.352|93.25233|4447.332|112.96224|Bottom|3631.981|92.25233|4530.994|115.08724|3671.352|93.25233|4447.332|112.96224|270
393|U19|SMT|DRB0008B|6621.182|168.17803|3850.463|97.80176|Bottom|6566.064|166.77803|3812.077|96.82676|6621.182|168.17803|3850.463|97.80176|0
394|Y1||4-SMD-2.0x1.6mm|4130.764|104.92141|3759.634|95.49471|Top|4158.323|105.62141|3781.288|96.04471|4130.764|104.92141|3759.634|95.49471|180
395|Y2||SMD4|6616.708|168.06439|4189.847|106.42212|Top|6595.055|167.51439|4217.407|107.12213|6616.708|168.06439|4189.847|106.42212|270
396|Y3||XTAL_SMT_1MM6_1MM0|6320.708|160.54599|4347.926|110.43732|Top|6320.708|160.54599|4369.579|110.98732|6320.708|160.54599|4347.926|110.43732|270
397|Y4||XTAL_SMT_1MM6_1MM0|5267.821|133.80265|3738.877|94.96749|Bottom|5246.167|133.25265|3738.877|94.96749|5267.821|133.80265|3738.877|94.96749|0
